Tiempos de Reacción de los Usuarios (ms)
532.49
425.94
6745.99
3976.24
1015.94
637.01
517.17
799.01
477.34
178.25
458.67
316.80
909.27
498.75
210.11
236.96
223.34
102.65
429.57
330.92
554.98
228.18
77.73
95.58
103.92
896.41
466.40
524.98
508.84
405.63
15.16
350.32
465.81
116.41
119.97
194.56
402.87
406.06
403.69
454.05
435.89
484.12
503.19
491.80
546.57
455.51
509.31
428.90
542.45
488.73
424.59
533.53
422.31
424.36
453.95
441.34
467.27
421.14
427.67
480.82
393.40
1819.07
1188.28
425.64
369.68
236.63
120.15
86.02
503.91
552.25
485.97
503.90
870.20
520.09
519.74
490.25
721.50
670.30
402.50
335.30
563.85
344.12
346.40
360.45
297.71
338.96
335.24
306.88
368.32
289.93
345.11
334.85
335.02
361.20
335.14
335.63
293.15
309.49
480.70
464.40
458.12
586.12
531.43
397.21
438.34
426.50
569.25
420.02
533.54
412.96
384.05
405.32
406.15
546.94
534.92
611.69
626.66
469.39
474.55
337.40
415.88
399.90
442.84
421.14
463.72
576.63
472.28
412.57
422.25
886.68
436.92
425.30
475.51
377.16
408.97
477.34
435.33
429.20
381.88
435.05
673.59
481.17
582.11
476.23
490.37
641.56
593.29
456.14
452.21
445.45
392.14
509.46
457.98
424.75
551.59
565.50
424.55
416.69
391.82
560.09
399.43
482.89
636.75
508.83
533.05
167.20
426.38
478.60
865.04
404.67
410.50
412.54
353.18
1726.28
496.95
596.22
417.08
460.27
512.93
495.80
312.11
303.35
504.69
337.66
345.72
546.48
274.76
260.44
526.49
526.73
452.52
418.08
434.16
554.62
482.56
492.58
914.76
468.98
547.07
645.19
548.00
533.14
583.26
670.20
747.88
590.23
482.61
572.06
511.22
466.87
433.12
478.67
432.93
431.26
442.31
507.56
540.93
437.11
704.15
771.45
2182.61
784.83
1134.81
638.76
987.04
619.91
593.94
511.17
479.61
502.78
483.15
535.63
500.53
470.31
480.86
446.62
412.59
379.97
427.91
492.45
446.99
534.81
424.74
501.65
413.90
380.26
502.33
544.67
311.11
678.53
2567.87
561.25
4512.11
513.07
592.09
508.32
498.83
522.88
419.18
400.01
391.94
406.73
285.18
427.19
384.48
347.29
359.46
224.74
759.18
436.80
324.00
359.16
326.61
236.20
374.59
321.90
354.14
353.23
160.04
-16.48
53.23
-57.36
143.93
-56.72
1768.02
636.05
494.84
537.23
536.80
604.86
599.48
564.18
689.91
540.59
649.08
650.16
680.14
649.70
571.16
988.15
718.54
617.82
540.24
600.65
615.58
664.71
581.42
588.47
682.35
598.11
469.41
488.45
468.57
558.21
508.36
392.63
393.66
410.22
443.87
436.06
399.81
412.82
383.59
444.37
375.82
772.85
443.76
377.68
416.74
468.07
459.84
434.09
550.52
484.88
517.06
534.83
518.82
442.58
451.71
459.20
501.81
459.62
554.87
465.49
432.42
435.10
517.46
533.83
468.65
385.09
417.91
401.14
653.44
418.25
418.02
428.60
412.69
620.38
395.88
409.60
368.11
408.16
482.42
605.73
537.23
626.12
476.66
409.70
509.75
537.65
564.13
471.13
722.62
515.83
566.99
527.82
504.61
696.32
527.90
733.00
452.23
354.09
578.68
553.20
588.51
680.15
549.25
631.90
562.05
486.80
482.10
479.36
569.36
476.81
732.04
630.64
509.00
656.64
651.70
767.43
580.41
500.94
603.68
597.81
634.76
521.49
501.23
593.86
773.54
799.44
582.00
513.64
645.99
713.38
1412.27
465.80
512.94
478.67
479.64
462.93
483.79
479.20
520.18
384.73
515.70
436.61
549.93
448.32
523.63
478.91
430.37
504.24
520.41
545.41
504.37
466.63
427.40
433.80
460.60
377.17
448.61
440.09
414.72
370.11
374.70
406.74
467.98
411.25
427.74
390.39
419.80
371.05
353.87
338.79
378.89
476.48
374.62
354.19
334.00
276.36
378.78
439.24
406.25
466.25
381.03
395.76
394.47
510.44
382.68
482.17
370.94
394.54
480.52
380.51
471.75
390.80
440.42
780.91
425.61
357.38
440.37
339.85
417.86
503.49
458.44
457.49
412.81
406.71
414.22
362.32
396.39
373.14
306.33
550.29
346.86
385.17
351.37
340.01
491.43
436.64
446.10
449.03
412.66
563.40
519.87
545.64
441.62
419.77
476.03
523.84
521.39
434.93
419.15
434.60
490.25
439.86
453.63
434.41
354.63
469.59
566.03
532.77
527.52
237.55
527.65
481.89
748.06
1158.51
2198.76
2327.75
417.01
3220.93
588.26
519.34
713.83
559.43
564.58
608.44
615.56
765.81
562.96
442.86
617.40
561.29
535.85
607.89
616.19
766.18
530.70
510.29
673.14
667.80
726.00
478.16
490.58
564.21
507.17
498.60
567.42
425.51
450.10
472.44
391.20
422.52
480.29
430.95
473.16
521.55
531.95
438.40
392.41
479.03
489.46
402.29
423.26
424.57
372.89
439.11
479.19
430.07
453.82
380.31
443.75
333.44
326.95
325.77
288.80
422.50
369.99
356.69
405.21
100.78
347.83
430.09
395.48
347.82
279.23
169.09
630.63
596.32
700.29
591.49
583.33
590.17
515.29
548.66
531.25
611.68
731.57
731.61
676.75
754.45
608.36
527.86
562.06
499.20
455.32
456.51
492.14
725.52
576.56
709.29
586.12
682.75
701.55
518.03
485.52
548.10
554.05
456.46
495.82
569.85
532.87
456.25
389.73
373.70
338.13
393.83
463.36
348.73
344.37
336.22
430.93
547.15
363.43
409.26
368.10
330.21
458.27
325.26
425.63
419.02
458.43
533.60
474.93
474.04
483.89
450.43
428.71
434.95
520.41
397.84
396.37
1008.86
596.43
534.60
517.39
541.35
475.03
468.91
463.83
683.08
463.00
487.13
480.11
479.91
535.19
498.07
470.36
469.74
488.80
513.40
433.05
415.48
407.99
435.63
412.78
389.29
361.54
368.14
387.53
427.96
355.44
406.80
395.21
410.51
384.35
322.61
386.78
400.64
378.29
345.48
374.50
252.06
788.21
737.13
768.30
646.96
550.36
426.53
348.22
398.98
404.38
386.62
771.47
1346.80
422.24
352.98
359.36
371.22
352.59
493.99
348.99
373.12
387.73
342.44
668.57
360.05
381.42
421.27
328.44
425.96
393.00
448.12
414.96
377.75
467.40
519.33
453.30
386.40
420.86
396.88
404.90
446.26
391.46
437.29
470.69
529.52
446.28
384.99
378.04
377.77
451.71
430.51
620.68
554.14
437.41
403.07
426.00
425.72
434.41
433.34
460.07
366.40
395.89
438.26
380.80
388.08
387.02
345.94
373.78
691.41
545.79
346.28
425.07
377.63
416.66
991.84
626.22
520.89
613.41
502.77
470.23
422.14
463.10
463.91
469.42
519.21
568.19
532.81
547.43
527.84
637.87
648.84
608.34
680.08
476.19
467.66
439.70
486.30
455.19
439.24
376.77
452.21
421.43
395.79
390.81
155905.52
427.66
461.86
414.12
405.89
384.34
463.13
403.13
414.00
410.52
342.69
716.38
166.70
167.38
492.60
294.84
6713.18
2374.41
494.35
435.95
738.53
637.02
753.55
677.76
432.85
399.97
416.96
366.67
383.35
416.13
450.23
400.62
432.39
416.63
417.61
366.16
433.16
366.57
316.88
517.36
483.00
351.54
400.48
450.54
350.90
686.58
518.91
484.67
532.78
469.42
524.95
483.91
458.28
500.45
460.73
492.98
416.36
425.69
475.23
426.38
499.50
427.93
409.73
435.82
421.22
557.25
416.68
457.36
367.29
431.54
478.81
365.34
440.95
351.76
413.62
420.58
361.70
444.06
360.30
384.96
456.54
556.77
457.38
501.53
468.13
478.76
468.59
456.95
445.68
456.90
626.31
422.74
456.41
479.71
467.66
435.06
477.42
446.05
468.26
512.81
575.15
682.98
542.61
1139.77
569.36
543.02
536.72
635.77
525.17
552.13
341.45
419.41
353.73
424.38
415.39
400.05
418.60
341.39
456.10
419.31
347.08
385.56
354.05
482.17
406.57
366.08
366.57
456.85
432.08
379.52
515.21
480.04
430.27
698.58
345.17
754.98
286.02
486.93
378.26
394.97
621.17
414.10
1922.13
1455.35
429.25
721.33
750.45
621.74
3779.89
526.71
463.57
462.79
537.51
414.52
3456.04
471.21
414.72
438.32
389.12
405.44
476.35
453.62
513.49
495.54
455.37
454.34
412.03
380.45
381.01
420.13
379.31
445.24
393.36
413.09
362.27
374.07
787.66
749.98
456.23
470.40
405.27
3956.60
438.37
502.81
444.09
515.31
532.74
385.02
413.94
408.74
455.83
419.50
426.16
1051.87
683.71
628.68
944.85
575.49
1526.32
496.54
392.12
432.99
483.22
421.16
612.97
598.12
681.13
479.19
562.66
494.30
503.33
486.07
470.04
468.21
455.08
437.90
464.28
427.26
447.32
438.09
421.22
472.07
437.77
487.55
531.69
532.19
572.61
516.82
500.42
1098.04
514.61
624.12
605.92
483.97
607.62
464.71
476.63
464.43
381.32
381.74
499.68
406.15
453.96
370.53
301.17
452.74
357.30
464.94
393.46
334.87
2865.76
1424.95
1069.82
1113.90
1068.26
636.29
508.74
635.62
579.34
658.22
1383.21
1033.18
329.24
646.39
532.31
818.03
452.97
533.61
1986.71
513.60
464.04
488.61
447.19
447.36
559.56
485.57
436.37
434.82
451.45
485.86
477.01
460.73
518.84
435.26
475.68
435.51
476.01
475.76
499.81
480.32
476.77
467.29
450.81
494.63
402.58
411.84
430.84
408.73
389.54
454.00
445.00
425.11
468.52
435.46
490.02
413.92
383.55
440.72
484.63
442.51
429.15
445.53
384.21
367.32
463.65
444.75
472.12
404.91
409.33
429.81
437.79
528.56
471.96
409.27
424.34
401.20
427.88
463.56
420.80
448.03
424.08
441.56
410.88
382.94
519.88
473.49
561.33
520.92
499.35
817.35
627.52
511.64
499.52
494.44
483.00
388.05
403.17
380.91
475.86
438.06
360.02
402.36
368.04
382.78
2024.73
619.17
514.82
495.41
463.06
443.47
458.31
468.58
419.85
370.19
445.48
455.71
418.94
403.09
382.24
408.73
384.60
3385.35
469.41
427.91
435.86
378.15
435.81
484.90
419.43
533.74
393.95
435.21
763.49
1977.63
353.80
384.86
370.54
343.88
393.59
2073.38
380.60
386.69
370.29
29.55
297.54
410.23
844.40
745.23
727.20
693.55
768.64
643.71
627.41
546.50
542.47
852.71
651.42
594.22
644.83
527.92
658.76
768.11
719.49
851.11
634.82
711.56
2773.86
19058.27
1006.89
620.28
550.23
737.64
578.17
573.41
512.81
557.92
677.08
550.75
572.00
527.80
495.36
582.20
538.62
506.90
497.21
602.14
774.41
590.59
7504.14
1018.87
535.69
509.79
502.30
503.69
479.19
461.34
403.17
411.32
460.90
419.76
2444.51
501.59
417.03
450.75
466.66
449.25
514.31
441.28
457.16
565.76
416.17
516.39
451.11
448.10
574.76
424.60
494.48
433.80
426.63
476.90
466.72
770.43
632.27
551.65
540.39
507.41
469.01
467.65
481.77
498.08
447.75
453.97
440.57
442.15
429.10
441.27
870.65
607.55
577.20
801.93
634.20
550.12
633.35
614.89
723.50
600.00
540.77
606.98
583.48
599.08
569.43
591.82
568.33
550.75
642.02
541.37
109.98
134.61
168.93
92.85
109.16
1320.63
501.52
485.52
612.27
411.29
460.31
427.70
477.76
627.98
411.03
501.41
501.77
638.04
443.79
459.59
829.73
376.60
671.57
467.79
628.35
500.96
434.60
484.61
453.78
426.08
409.33
446.66
433.66
451.61
417.02
374.33
400.98
559.22
368.22
418.51
390.39
384.74
777.40
701.60
385.32
392.42
517.29
486.07
400.17
451.50
417.58
469.02
1019.29
432.31
418.46
400.47
403.31
373.05
385.69
351.11
387.16
381.86
370.24
570.49
552.95
520.43
553.33
553.14
503.26
487.20
453.99
554.49
437.86
471.97
486.44
420.54
537.59
403.48
437.58
573.01
504.11
488.14
536.56
486.56
430.17
410.00
378.43
414.11
403.40
444.93
559.88
520.74
403.70
407.69
478.14
896.17
542.40
405.50
404.40
424.94
426.52
521.52
348.41
395.90
412.44
400.88
544.47
585.54
867.37
539.24
476.62
390.54
496.06
477.97
457.53
432.45
460.62
462.06
515.94
473.48
448.25
378.17
432.34
439.83
398.18
448.95
584.85
519.26
602.10
752.83
518.97
430.82
400.19
437.82
428.72
314.30
430.15
503.72
348.79
483.36
420.39
461.50
416.56
400.98
443.18
459.31
425.86
463.45
470.11
464.15
440.39
544.04
440.05
420.37
441.60
439.21
543.73
398.78
415.27
469.55
435.00
381.16
390.62
445.67
408.92
380.11
359.65
323.59
395.34
368.45
362.86
381.04
175.45
1045.19
571.31
544.56
566.83
533.38
588.14
632.80
555.03
593.78
616.54
545.29
555.77
566.48
632.77
545.76
402.23
390.03
397.21
360.54
405.09
1087.22
341.30
318.63
310.49
402.48
373.35
318.24
392.74
295.87
355.57
343.05
371.67
440.25
296.99
375.72
370.53
348.03
396.33
453.85
402.21
424.82
412.27
391.68
428.32
383.65
429.77
415.93
342.06
389.07
356.52
382.07
408.60
389.35
344.81
362.34
404.14
398.27
990.60
817.75
881.81
985.69
802.59
753.57
768.58
626.23
792.77
851.70
645.91
1953.81
1570.36
891.07
701.76
652.27
1093.41
655.06
6048.23
629.01
636.22
422.19
463.13
435.62
469.20
450.94
427.41
446.04
394.84
425.97
617.15
419.51
510.37
394.82
385.21
428.25
509.31
400.73
418.66
417.77
462.95
430.73
432.93
452.60
396.61
425.07
353.36
455.13
353.02
375.14
1003.64
442.07
376.24
430.61
398.76
433.08
592.95
500.28
501.40
544.98
476.18
525.74
459.81
458.35
418.91
424.64
385.46
401.46
382.40
367.48
392.13
369.88
366.96
419.05
392.19
376.60
411.20
410.43
458.04
442.67
433.93
400.45
428.83
435.31
401.92
419.94
445.28
383.96
357.19
433.90
416.20
374.82
325.10
442.85
383.72
233.22
790.37
578.94
608.01
502.07
552.03
640.80
532.30
493.46
504.27
551.19
479.93
514.64
630.14
456.53
483.03
490.38
580.33
496.25
479.42
512.03
543.73
425.83
641.50
494.97
496.42
526.18
535.24
595.98
344.78
633.19
510.50
546.32
583.88
382.12
382.24
386.79
369.14
372.71
441.35
394.28
391.61
448.57
436.61
449.11
419.82
455.51
384.23
383.37
411.62
364.46
383.24
366.11
401.70
1351.98
681.28
650.52
637.10
560.36
535.73
551.52
553.43
568.18
485.09
552.14
735.90
485.94
402.73
485.32
869.00
1568.18
652.56
517.34
553.26
948.26
634.46
623.65
775.89
577.05
774.92
774.58
1299.13
851.17
929.54
702.23
704.96
630.04
685.19
845.07
580.69
740.66
560.47
747.27
650.44
519.38
547.61
460.11
429.22
423.75
637.60
466.62
653.46
495.81
491.74
574.00
471.40
519.29
531.48
525.90
495.22
450.60
393.83
442.18
509.81
608.26
407.82
414.36
433.33
444.44
489.31
450.86
409.31
384.44
434.45
427.54
393.38
388.44
368.20
410.10
418.28
384.82
352.76
376.03
411.02
410.12
386.04
411.18
419.32
428.36
335.02
386.10
576.40
462.56
493.24
507.79
455.70
430.55
478.94
503.20
509.08
509.53
537.44
438.65
517.98
492.04
492.51
517.57
426.47
434.76
417.59
442.64
576.38
401.41
344.75
428.91
412.07
369.92
411.86
384.68
434.86
467.49
409.20
351.59
513.47
457.44
530.48
723.12
429.54
465.33
596.37
600.56
641.23
424.47
953.07
480.98
524.62
441.04
554.42
332.49
357.44
419.79
489.42
505.29
295.31
478.60
469.36
482.06
453.10
386.18
880.52
1075.12
659.78
642.94
1113.26
709.27
1070.70
717.63
668.87
902.14
643.86
577.05
567.86
603.35
700.53
575.63
509.26
534.22
558.74
715.69
534.91
671.93
576.51
409.06
500.94
433.97
496.10
500.65
484.36
484.22
467.48
1177.44
499.18
417.78
410.40
652.54
682.04
552.41
533.31
392.92
434.03
410.78
481.42
456.51
514.29
476.37
537.60
435.09
363.87
443.79
427.32
419.02
389.02
393.44
435.05
367.57
506.19
413.49
388.65
476.96
367.05
472.39
2216.82
393.68
351.22
373.91
364.25
394.37
329.25
536.48
71.45
434.02
423.53
374.13
336.56
421.86
389.75
453.12
459.48
384.86
423.27
434.43
492.05
423.14
501.31
533.45
446.72
402.12
467.79
502.02
436.11
502.76
492.35
411.52
478.82
412.65
368.30
435.85
424.22
491.54
1540.79
413.45
707.07
461.67
348.00
502.15
437.83
420.84
444.88
323.64
510.00
380.61
413.32
428.38
282.68
411.74
347.36
234.18
452.69
297.59
488.64
403.01
429.05
404.33
446.41
360.90
360.89
455.44
351.46
403.05
411.21
335.33
471.93
360.19
359.23
403.72
418.35
365.53
325.50
308.54
1283.08
496.00
385.66
348.22
364.80
338.91
380.49
339.12
329.85
351.85
355.18
432.68
364.53
460.31
375.54
381.67
391.64
348.13
461.56
376.86
376.00
388.67
287.79
393.53
365.13
381.91
392.83
320.56
410.11
381.68
319.09
567.76
483.30
356.82
479.48
630.87
448.30
546.10
593.96
457.10
349.91
357.22
461.98
661.80
458.03
398.84
349.12
418.71
505.01
488.81
354.12
495.29
463.02
554.71
442.89
461.37
429.31
449.51
388.40
420.98
417.42
454.24
463.56
407.65
465.83
427.74
508.60
487.52
509.57
403.27
425.79
516.63
442.55
471.09
502.78
501.82
448.30
569.37
475.24
529.04
617.36
407.78
484.25
458.76
483.89
427.76
400.48
602.20
865.89
662.24
609.65
716.65
618.33
478.32
565.93
492.29
603.06
611.37
769.62
601.12
470.46
509.60
475.24
575.35
566.14
528.34
580.91
511.67
635.50
677.69
592.32
570.29
1087.42
696.15
661.05
610.65
571.88
582.54
511.31
480.61
457.15
665.92
424.20
388.71
415.53
447.02
539.90
468.62
359.79
379.56
412.50
422.34
402.54
370.42
392.42
426.19
434.60
391.34
472.46
450.49
500.78
438.51
489.36
389.42
372.62
422.07
433.82
423.11
366.61
373.39
439.30
379.39
384.74
438.99
399.23
399.85
357.14
439.44
350.04
378.17
378.36
339.90
342.74
409.97
349.94
399.11
349.74
327.77
382.17
371.35
476.45
334.34
110.38
458.34
600.33
408.41
383.46
433.83
367.78
374.09
393.01
367.85
399.20
474.97
408.79
417.06
475.42
483.42
452.03
406.84
393.62
369.04
363.40
704.28
454.05
359.16
379.50
350.43
328.57
316.90
376.65
436.17
434.35
409.73
330.54
465.65
400.82
352.84
401.51
346.49
362.44
407.12
435.04
413.10
401.11
382.30
402.86
389.54
450.02
650.94
467.86
318.30
447.08
441.19
431.93
335.82
364.12
363.50
384.43
407.15
397.06
397.52
352.30
378.78
367.92
374.30
355.97
714.24
425.39
289.74
362.62
463.32
386.85
698.38
540.86
512.93
556.61
505.03
463.28
474.13
554.79
473.32
501.30
521.24
423.39
454.89
481.49
466.99
808.16
846.27
492.42
515.83
806.26
421.49
385.63
479.76
417.82
383.21
620.18
503.55
443.08
575.29
470.81
854.45
483.30
391.50
425.26
379.27
451.51
1891.34
442.08
396.16
426.62
386.81
409.77
576.58
527.10
483.86
468.50
502.12
385.01
1228.08
865.70
750.12
822.27
715.58
765.93
687.77
670.19
897.05
617.57
745.16
683.12
582.67
674.37
587.07
723.67
601.81
553.49
656.84
566.65
461.92
469.42
511.27
452.68
444.25
845.42
445.08
453.63
486.98
511.29
478.17
494.02
1302.80
0.18
482.18
535.36
509.59
503.96
436.09
71.06
378.27
469.71
486.46
583.25
517.35
567.35
584.09
479.08
518.64
483.63
475.69
575.21
509.94
550.15
541.47
551.01
684.42
542.05
510.78
492.09
493.23
567.53
475.47
772.84
1957.34
210.67
322.60
225.75
689.80
522.21
439.97
556.67
555.75
548.73
605.39
548.85
546.76
504.50
477.02
489.27
530.96
606.34
505.75
1553.53
448.27
453.98
463.46
471.49
568.15
539.59
467.84
423.95
415.91
1078.69
477.89
525.53
516.82
473.64
411.02
416.19
375.15
400.36
400.23
413.80
383.00
422.26
465.73
475.77
465.64
383.33
652.88
608.52
549.09
576.06
558.43
465.56
499.58
508.32
484.85
484.20
416.13
441.03
457.55
475.28
425.26
441.83
450.25
492.04
457.57
425.85
484.91
402.46
383.87
366.72
400.91
391.60
341.66
353.17
393.17
402.73
522.76
419.78
457.56
387.06
600.58
502.00
448.58
448.94
381.10
391.24
461.68
404.48
391.34
451.44
403.65
358.26
476.89
530.95
447.67
391.30
377.97
426.66
382.27
432.87
400.93
449.00
450.08
340.88
425.58
509.23
480.33
442.23
390.65
408.44
397.22
430.19
435.74
381.82
575.61
391.45
466.75
808.89
629.95
636.18
594.27
552.39
644.19
602.29
670.31
590.04
505.93
467.22
489.54
489.11
409.38
349.80
776.28
426.74
369.50
392.07
376.80
342.92
548.64
466.86
478.37
416.63
436.39
908.98
507.38
429.68
486.36
420.70
429.79
491.04
427.72
490.77
401.23
449.81
541.65
437.23
477.60
426.65
378.03
536.08
495.87
462.44
450.73
438.07
523.57
463.79
424.67
620.08
419.43
594.16
544.58
467.96
377.63
343.29
424.86
379.27
481.31
409.06
376.30
400.70
229.78
710.75
560.20
484.50
628.93
527.35
485.79
439.11
503.36
428.86
439.05
508.73
408.06
496.51
395.41
406.03
824.95
493.80
459.41
568.19
483.73
495.10
454.08
518.78
537.39
453.55
474.75
462.32
451.25
476.11
475.49
422.96
463.75
474.89
745.33
463.57
425.49
439.47
451.64
889.00
438.58
426.41
432.36
374.20
424.07
356.65
374.83
390.64
374.13
324.83
166.89
374.06
469.42
405.12
415.69
407.50
384.59
490.52
620.26
429.88
418.36
463.30
633.10
517.55
552.08
500.64
486.93
535.47
633.12
417.69
600.20
417.65
469.91
639.53
434.93
473.29
403.62
401.28
633.30
566.78
516.64
634.50
582.73
435.10
389.98
397.73
385.33
427.25
435.64
288.68
360.31
384.53
356.06
363.79
334.33
373.51
393.08
388.47
549.91
377.40
288.20
339.30
322.63
500.03
445.42
420.36
496.03
463.67
655.96
436.06
575.03
536.44
448.44
497.54
420.49
406.22
421.33
397.26
458.81
436.94
448.25
472.39
402.64
445.99
354.79
446.66
423.33
397.92
471.85
404.97
420.99
379.93
445.14
744.08
884.23
468.55
445.49
546.43
500.55
387.24
387.35
433.16
392.97
467.17
453.17
464.54
535.14
462.23
413.43
473.86
424.83
424.60
421.49
415.37
426.68
434.08
443.35
410.69
351.47
355.34
368.15
374.37
414.73
396.13
161.64
151.80
202.18
152.61
144.21
2170.42
168.61
160.12
169.07
134.10
135.23
1157.80
752.64
550.80
169.49
161.16
227.36
151.39
144.53
2735.66
458.07
407.98
2811.43
808.76
683.83
1173.07
656.79
599.95
550.80
515.65
501.55
650.47
600.55
568.54
540.48
516.00
624.99
509.80
507.92
492.59
567.53
1098.84
106.83
596.88
412.39
400.56
647.95
564.36
387.08
433.07
473.10
404.03
392.48
524.71
370.98
376.64
449.00
452.44
426.20
458.40
319.57
482.48
431.73
390.80
382.05
600.73
502.68
461.54
450.49
447.70
442.23
361.48
411.48
393.47
368.35
371.39
418.13
393.89
394.62
193.92
2365.95
402.00
489.32
434.54
353.31
528.15
420.74
459.81
419.69
369.11
451.70
395.26
391.83
360.14
393.98
467.92
409.85
427.24
368.99
367.98
535.93
528.55
427.83
351.54
343.32
426.24
4390.17
431.26
498.76
565.11
497.81
514.31
464.38
530.58
563.42
797.44
597.13
548.67
546.17
579.51
730.88
549.34
615.31
463.20
482.44
448.35
580.42
498.19
440.47
424.65
498.80
490.21
417.68
415.53
425.57
407.61
524.16
406.04
365.59
391.78
391.48
540.06
375.20
382.57
424.63
399.77
408.45
397.86
518.38
1133.92
533.98
599.85
442.05
1081.88
550.05
442.66
490.69
496.05
383.67
477.65
476.29
489.58
493.28
431.95
352.13
590.03
392.99
468.33
478.01
459.28
440.39
592.89
445.74
459.55
435.93
445.35
769.86
393.10
444.94
402.47
429.17
591.22
477.99
443.84
530.26
424.19
600.80
527.11
446.59
473.39
470.29
1228.11
466.31
420.40
440.25
459.42
394.93
425.53
445.94
428.93
463.55
736.02
433.86
320.14
381.86
399.36
400.69
400.15
401.61
388.46
424.93
363.85
520.81
478.00
371.77
223.04
442.93
428.11
444.48
322.77
566.85
327.14
305.14
355.63
592.95
342.34
362.18
358.36
323.66
615.33
364.85
379.91
312.97
374.30
997.01
606.58
599.81
1006.72
600.44
593.76
533.42
593.01
727.19
554.22
636.83
513.69
554.76
913.00
595.10
613.94
533.26
604.04
874.87
607.29
684.31
550.04
352.47
548.86
683.10
550.93
427.66
938.59
326.49
534.78
324.17
463.05
411.12
397.49
394.85
376.54
480.48
533.57
423.50
351.79
388.05
368.69
604.50
587.59
508.73
486.51
457.65
455.24
325.47
563.14
459.61
442.73
617.69
454.54
521.97
506.40
471.06
437.96
446.01
457.85
457.37
488.24
498.65
460.44
455.39
440.78
429.93
459.31
417.80
373.14
423.28
422.03
420.78
442.78
386.04
402.05
393.70
413.93
374.68
409.82
408.97
381.71
463.83
408.26
418.23
418.06
413.33
426.13
532.02
498.78
382.70
408.91
482.10
546.34
601.77
418.08
440.71
541.73
550.99
517.94
518.20
511.95
511.00
534.10
510.31
529.80
551.33
464.11
505.88
468.47
470.64
425.99
448.57
390.73
439.35
447.48
391.28
454.05
384.44
447.79
469.48
436.36
463.33
473.24
149.09
396.65
399.45
423.86
453.13
389.88
286.77
418.37
149.01
358.52
423.24
420.43
399.76
428.15
427.12
392.47
451.08
474.98
606.44
614.08
578.90
637.48
565.29
1884.97
329.14
589.81
547.59
556.51
556.15
514.92
564.21
531.22
554.95
531.46
492.03
695.84
551.27
556.38
532.15
565.19
544.79
494.66
603.43
545.20
560.95
468.89
495.74
511.07
536.80
477.77
7081.31
395.00
336.72
395.71
256.98
284.28
436.41
849.83
581.50
513.93
532.26
448.56
446.84
527.29
1144.96
417.92
410.72
414.48
453.32
471.25
418.37
460.43
410.99
401.55
418.72
1627.70
84.91
439.17
453.40
481.37
573.13
424.81
519.37
310.20
393.62
487.28
456.47
852.76
484.76
553.06
547.49
694.99
430.74
430.73
539.67
497.07
460.69
711.99
552.18
527.07
736.34
519.09
518.73
485.55
518.61
510.23
510.38
543.83
518.28
535.33
728.27
543.80
1045.45
552.31
510.29
560.48
520.03
485.50
434.49
518.17
407.33
360.66
376.57
393.84
343.09
423.75
392.85
325.04
694.08
519.00
358.57
443.66
442.19
427.23
441.12
522.55
462.73
439.52
451.02
486.15
-65.18
-64.84
-52.21
-65.34
-51.35
-65.65
-52.08
419.07
392.07
437.96
404.04
439.00
971.94
665.01
635.35
675.13
545.76
562.99
598.64
553.34
625.39
536.79
548.54
425.30
445.61
597.19
423.44
615.85
596.57
593.35
584.57
507.51
574.63
530.68
486.37
537.43
518.75
682.13
612.50
443.01
488.34
525.85
9067.81
439.40
506.90
468.29
475.98
458.31
419.26
446.12
471.68
484.53
528.21
469.90
533.77
423.28
412.73
450.19
443.93
399.77
408.76
415.81
406.04
810.04
372.22
369.54
388.46
342.19
466.57
346.04
418.23
397.86
449.57
421.77
419.50
409.47
409.41
396.06
428.15
533.68
521.50
522.65
485.38
490.14
3123.37
511.05
545.69
548.63
421.39
403.05
1822.62
429.34
551.78
618.34
453.14
473.70
425.84
445.74
358.35
539.74
433.55
472.27
795.97
687.35
595.90
633.12
663.26
2928.79
582.43
499.51
535.50
536.14
450.65
463.36
453.92
454.51
439.02
426.07
447.68
479.01
503.89
445.80
508.12
379.33
439.29
483.90
409.39
478.69
454.79
446.90
500.64
605.49
432.52
405.15
334.25
437.87
444.46
456.74
462.25
337.96
376.84
387.15
364.35
427.34
387.21
395.91
395.53
366.85
450.89
308.06
429.94
346.69
321.94
455.54
485.38
466.84
471.89
429.30
710.44
698.27
548.14
736.45
484.31
647.73
559.66
491.52
483.32
520.94
1041.56
684.97
529.37
454.25
398.65
413.99
440.72
355.37
422.16
374.51
362.68
424.45
383.01
423.70
341.74
458.06
408.87
358.48
399.54
375.03
366.15
399.43
392.00
449.48
349.82
275.09
391.72
408.63
517.55
425.52
409.20
550.67
467.42
659.87
542.66
609.97
528.32
502.46
517.34
639.97
729.71
528.77
520.60
570.06
663.24
491.06
559.78
500.26
668.51
635.46
501.42
575.24
548.05
664.72
490.68
464.43
450.66
376.53
402.56
400.79
534.51
443.18
385.15
410.45
400.01
494.88
625.07
571.83
547.10
678.22
543.79
984.00
514.70
538.79
498.84
723.59
571.64
529.09
489.71
477.18
766.56
503.15
840.78
581.10
650.34
722.72
602.20
468.66
462.75
400.25
323.73
412.99
429.29
468.50
401.26
366.93
428.62
440.24
442.47
423.11
415.00
451.31
444.58
450.70
366.51
388.58
466.20
454.41
408.75
316.32
388.61
445.47
396.63
412.01
343.04
385.49
460.03
408.72
6.01
491.03
451.37
421.88
459.19
311.73
560.20
448.68
430.66
426.60
347.61
418.49
367.67
389.57
347.21
247.57
430.13
307.31
164.15
293.74
131.08
417.95
361.74
128.63
369.06
192.80
475.52
450.32
420.98
420.95
419.23
641.37
408.74
425.46
387.56
429.99
406.31
372.14
348.46
490.33
347.03
338.97
346.80
372.59
339.49
347.03
339.76
346.72
356.36
346.43
356.79
355.97
322.59
354.70
362.54
464.28
373.39
426.72
444.31
634.58
568.65
458.81
370.53
376.80
393.22
404.30
410.84
542.36
385.34
334.63
367.52
386.15
367.54
334.25
335.04
350.81
319.97
335.25
351.53
543.98
433.42
426.09
379.74
441.75
521.65
627.91
588.02
571.89
457.07
629.03
477.69
461.26
601.14
449.52
660.46
415.86
442.96
385.63
434.24
468.39
401.69
405.16
379.95
418.73
446.90
407.44
516.59
379.06
444.23
489.85
95.32
102.79
179.43
101.27
109.68
2652.39
182.25
168.76
229.88
142.62
1447.03
2471.03
1012.46
608.03
794.90
466.37
363.74
282.95
150.20
210.86
1798.12
503.82
463.06
435.00
1054.27
750.98
553.36
558.87
537.99
534.40
521.02
497.82
582.51
499.02
500.20
479.56
468.45
515.71
653.69
580.86
596.65
456.95
571.31
554.10
862.25
610.18
509.14
472.31
488.31
521.81
505.01
513.25
497.03
488.80
447.33
463.60
537.22
473.07
480.57
399.17
520.88
484.29
504.64
443.67
418.16
418.16
368.89
395.64
421.17
431.77
414.02
436.84
472.80
386.65
447.16
430.65
429.36
425.22
436.42
440.85
399.20
425.28
462.62
391.10
482.69
432.57
453.71
369.59
361.28
537.08
448.53
454.33
452.98
403.04
433.67
387.18
424.49
385.98
378.81
580.29
496.47
487.94
369.28
368.47
668.50
375.13
431.85
383.35
391.82
532.12
358.38
431.69
359.24
382.32
300.97
359.52
318.43
162.14
344.51
367.09
479.61
479.89
467.99
638.98
494.24
178.25
116.32
268.42
123.59
270.97
106.79
265.01
88.91
78.11
185.37
110.52
93.89
158.07
105.70
110.28
999.82
559.70
469.85
543.76
497.96
577.72
464.37
419.39
504.41
486.39
638.53
598.10
551.08
646.17
676.97
512.99
630.74
551.49
717.60
555.09
519.37
580.03
583.45
734.72
555.82
504.09
599.78
575.45
642.23
579.91
4419.57
1319.93
1343.04
1648.90
1446.33
1460.50
3895.46
1823.16
797.18
1716.44
1846.54
1229.58
1301.81
1033.28
452.69
400.36
358.63
434.72
460.11
485.01
402.90
426.97
407.60
319.82
474.81
418.41
400.25
434.36
244.32
458.68
375.53
391.70
369.04
201.81
425.72
400.76
398.58
400.31
426.16
401.50
383.50
383.30
367.27
368.61
500.34
366.96
377.37
326.94
376.48
464.38
496.13
474.78
533.45
457.94
460.23
418.22
435.13
384.75
403.51
457.17
393.81
371.95
502.65
403.53
477.04
416.51
433.86
381.86
403.65
508.43
416.05
405.50
456.06
362.19
532.85
436.03
458.44
479.27
405.75
455.62
396.92
414.27
514.59
422.87
386.35
480.55
422.89
346.98
472.48
338.15
372.24
362.16
474.87
270.84
729.53
346.50
371.56
331.25
379.78
50.82
500.45
408.42
442.76
482.65
450.49
476.25
359.37
377.57
358.12
367.28
484.27
400.17
359.95
500.06
660.64
718.78
430.56
392.59
385.31
368.78
402.38
489.09
449.03
457.99
466.33
490.86
523.97
465.65
465.50
431.42
425.38
515.99
484.71
498.97
533.58
499.66
1099.60
582.94
634.09
551.04
553.88
769.75
529.97
823.32
567.53
653.91
835.70
901.89
636.04
1034.26
686.99
10.42
651.39
493.60
447.76
459.82
398.47
417.66
400.40
455.13
430.45
413.23
358.96
496.76
397.44
399.52
373.97
345.04
465.57
379.13
355.89
327.06
90.94
469.52
432.83
421.46
455.33
455.68
431.37
427.19
430.05
482.78
603.52
475.63
399.95
364.67
368.82
424.56
394.22
403.11
456.18
412.88
405.46
346.32
386.92
376.57
403.19
387.99
368.07
375.86
367.31
462.02
528.86
357.12
405.87
429.16
448.94
364.17
467.82
404.26
364.20
412.33
376.40
336.01
467.28
423.36
411.26
493.80
400.33
441.24
415.71
434.58
401.89
392.73
377.11
358.95
433.98
359.42
344.26
525.51
489.03
485.25
436.76
1084.94
413.42
408.05
441.74
475.45
458.16
402.95
373.31
406.21
509.21
351.67
661.58
408.73
333.76
408.46
368.48
409.03
446.02
391.44
424.80
413.46
385.63
672.43
113.64
139.52
604.99
505.73
443.00
422.55
605.22
412.78
463.25
454.04
454.57
520.66
482.90
365.23
383.69
480.90
395.14
280.42
326.67
288.59
345.15
543.75
403.23
374.72
389.59
421.94
409.99
373.38
631.99
396.70
386.20
406.27
372.47
495.32
484.65
392.47
444.38
377.31
443.70
453.28
428.38
528.20
529.91
534.89
485.63
467.92
410.50
458.22
285.31
518.44
481.98
401.25
484.48
575.24
418.29
466.76
353.70
451.84
429.82
457.57
421.64
357.52
424.54
408.58
424.62
376.01
407.93
390.69
400.10
391.27
399.36
416.55
391.05
374.30
399.68
467.42
375.76
383.15
399.19
425.62
499.42
408.03
373.21
333.23
449.58
382.92
382.05
382.91
408.14
426.17
432.85
358.13
621.95
493.26
426.95
509.55
493.34
467.64
410.86
419.63
456.55
389.78
589.19
757.04
573.37
594.96
893.07
543.91
596.13
595.96
599.70
802.49
544.65
650.58
594.33
620.26
721.51
557.30
737.13
554.42
551.04
701.12
525.09
485.27
403.44
410.48
460.52
393.29
484.20
446.78
372.89
441.20
468.58
397.22
468.70
219.62
433.28
408.61
386.53
399.62
507.56
511.12
396.38
424.31
354.06
545.90
459.48
467.64
401.58
663.02
428.95
418.54
414.88
390.43
443.91
379.22
407.63
423.09
343.43
365.19
376.32
393.19
412.71
390.44
370.38
381.86
330.35
366.33
2889.64
415.51
388.29
332.62
431.87
443.86
366.32
364.36
375.57
415.39
477.84
371.28
374.30
343.10
410.96
436.92
351.26
640.62
514.90
517.14
587.24
482.78
484.65
473.20
482.19
775.00
544.69
499.19
413.57
442.30
582.46
443.73
519.72
392.29
406.50
535.14
402.62
509.18
469.07
494.92
359.37
373.02
480.83
363.35
468.34
365.20
321.14
426.89
409.39
426.21
457.54
463.94
210.87
229.27
173.37
162.95
89.72
656.76
352.71
425.01
583.40
390.73
378.42
377.76
440.51
474.52
411.23
409.09
1638.97
404.48
388.65
499.37
482.61
503.76
450.63
429.12
509.30
451.01
422.28
438.34
436.24
455.92
459.52
397.21
447.18
438.37
396.58
452.55
426.55
451.52
531.45
312.76
396.40
462.55
429.99
401.22
500.72
679.93
489.87
528.42
423.89
579.93
500.12
572.83
490.42
267.49
417.21
540.91
489.79
444.80
434.22
411.60
782.37
467.41
501.28
495.42
405.67
254.85
958.53
766.14
658.75
583.13
545.16
490.10
675.12
641.38
521.71
578.01
520.33
541.50
613.44
521.37
472.72
515.97
500.34
467.77
474.41
456.87
442.31
458.62
449.46
465.64
399.97
340.35
430.50
413.86
474.15
398.90
460.74
561.38
525.22
644.10
665.86
496.21
